<?xml version="1.0"?>
<opencv_storage>
<Intrinsic_Parameters type_id="opencv-matrix">
  <rows>3</rows>
  <cols>3</cols>
  <dt>d</dt>
  <data>
    1.0983320892470820e+03 0. 6.7827078026890570e+02 0.
    1.1023179431733276e+03 3.9206207105715640e+02 0. 0. 1.</data></Intrinsic_Parameters>
<Distorion_Coeffecients type_id="opencv-matrix">
  <rows>1</rows>
  <cols>5</cols>
  <dt>d</dt>
  <data>
    -3.6746934450278279e-01 7.9579778891011269e-02
    -3.2566810487777045e-03 -5.2074390027471917e-03
    2.9159666696350318e-02</data></Distorion_Coeffecients>
</opencv_storage>
